ID_collimazione    Xmediana1     Ymediana1      Zmediana1      Xmediana2      Ymediana2      Zmediana2      Xmediana3 etc etc
0      738,969506404256      945,27641914975      995,579086119345      927,642571869173      651,82931944569      953,26730310004      1438,63212416999      1447,84106664621      1172,26582565883      1122,04191247324      760,331032794364      651,82931944569
0      660,892024993264      970,940005742791      725,37019283683      440,594683328843      264,049946253351      151,435155835023      590,082165172557      916,892052483976      345,064076463774      -140,369144794476      -199,471942602677      38,8308744490222
0      4492      4738      4551      4492      4434      4323      4492      4674      4378      4218      4218      4434
1      907,968126540843      1096,10566627453      1032,06308912234      690,62868369841      1075,22541300889      1314,16439367754      1113,45599993269      844,433073774459      821,380966154395      605,249081333359      589,963846900194      771,692578700032
1      797,110102018494      933,265124849761      388,308744490222      380,542569600418      573,919273453316      637,688081614795      134,620704111495      0      -360,547384092523      -212,009218169032      92,0170870570064      -106,004609084516
1      4551      4674      4434      4434      4551      4551      4270      4270      4117      4323      4378      4323
2      -207,297460339858      -434,846893757409      793,99915049819      666,582528315804      119,469490334321      306,71273709854      1279,53197964068      926,634523433919      149,366176826392      342,479205625055      557,524288226833      1063,10258052452
2      580,904276940131      853,33342496904      645,156500588662      207,038445878264      271,017434686288      662,391313605278      306,723623523355      -67,3103520557476      -118,016433034511      294,930737746843      502,179364271651      388,308744490222
2      4738      4872      4492      4378      4551      4612      4378      4270      4492      4551      4551      4434
3      661,853801107376      613,187462760979      1055,20620111503      770,415017315076      559,31637433395      900,308008483371      934,747913270438      1202,78029183431      1098,51028181279      936,662505263783      590,355865736126      1038,72740933318
3      815,872227733331      566,478878565655      851,399763020835      409,12363451964      76,6809058808387      -37,8587889587558      306,723623523355      551,398417176116      112,183920092913      -389,391174819924      -269,24140822299      -209,409984173437
3      4612      4492      4674      4492      4378      4323      4378      4434      4270      4117      4270      4270
